177.350 79.630 74.3700 348 20.0 OR 
168.219 76.182 117.691 274 20.0   
173.876 75.529 89.1860 20  20.0 OR
168.219 76.182 117.691 274 20.0   
168.219 76.182 117.691 521 20.0 OR
173.876 75.529 89.1860 274 20.0   
168.219 76.182 117.691 521 20.0 OR 
168.219 76.182 117.691 521 20.0   
168.219 76.182 117.691 751 20.0 OR
168.219 76.182 117.691 751 20.0 OR
169.736 77.465 114.117 716 20.0 OR 
170.658 78.689 110.497 682 20.0 OR 
169.306 80.542 106.823 655 20.0 OR 
170.833 80.329 103.609 619 20.0 OR 
173.416 77.070 99.8860 586 20.0 OR 
172.165 76.667 96.5610 552 20.0 OR 
173.176 75.534 93.0080 521 20.0 OR 
176.033 76.576 88.8050 493 20.0 OR 
175.007 77.396 85.0030 457 20.0 OR 
174.605 78.710 81.7660 431 20.0 OR 
173.029 78.281 78.4830 400 20.0 OR 
172.190 78.875 75.1540 369 20.0 OR 
172.801 78.917 71.6910 334 20.0 OR 
172.615 79.680 68.0180 305 20.0 OR 
170.245 78.948 65.8040 274 20.0 OR 
169.903 79.074 62.1980 238 20.0 OR 
168.348 78.492 58.7950 207 20.0 OR 
168.168 76.202 56.1900 178 20.0 OR 
167.815 73.918 52.9070 147 20.0 OR 
167.641 71.699 49.6410 111 20.0 OR 
165.082 74.467 46.3680 84  20.0 OR 
164.656 75.025 43.0910 48  20.0 OR 
162.154 74.103 39.7310 20  20.0
